0.0002745744096650192
0.00014094432699083862
0.00016173378618793466
agriculture

0.0002745744096650192
0.00014094432699083862
0.00016173378618793466
agriculture

0.0002745744096650192
0.00014094432699083862
0.00016173378618793466
agriculture

0.0002745744096650192
0.00014094432699083862
0.00016173378618793466
agriculture

0.0005491488193300384
0.0008456659619450317
0.0011321365033155426
engineering

0.0002745744096650192
0.0009866102889358704
0.00032346757237586933
education

0.0001372872048325096
0.0005637773079633545
0.00016173378618793466
education

0.0002745744096650192
0.0005637773079633545
0.00016173378618793466
education

0.0004118616144975288
0.0005637773079633545
0.00016173378618793466
education

0.0001372872048325096
0.00042283298097251583
0.00016173378618793466
education

0.0001372872048325096
0.00028188865398167724
0.00016173378618793466
education

0.0001372872048325096
0.00014094432699083862
0.00032346757237586933
engineering

0.0001372872048325096
0.00014094432699083862
0.000485201358563804
engineering

0.0002745744096650192
0.00028188865398167724
0.000485201358563804
engineering

0.0002745744096650192
0.00014094432699083862
0.000485201358563804
engineering

